sp0	0	[[29870000, 29879999]]
sp0	1	[[29870000, 29879999]]
sp1	0	[[29870000, 29879999]]
sp1	1	[[29870000, 29879999]]
sp2	0	[[29870000, 29879999], [40006000, 40021999]]
sp2	1	[[29870000, 29879999], [40006000, 40021999]]
sp3	0	[[21194000, 21221999]]
sp3	1	[[21194000, 21221999]]
sp4	0	[[40006000, 40021999]]
sp4	1	[[40006000, 40021999]]
sp5	0	[[40006000, 40021999]]
sp5	1	[[40006000, 40021999]]
sp6	0	[[40476000, 40487999]]
sp6	1	[[40476000, 40487999]]
sp7	0	[[17380000, 17382999]]
sp7	1	[[17380000, 17382999]]
sp8	0	[[17380000, 17382999]]
sp8	1	[[17380000, 17382999]]
sp9	0	[[16162000, 16173999], [16766000, 16777999], [17380000, 17397999], [17826000, 17913999], [18604000, 18629999], [18636000, 18651999], [19258000, 19291999], [19350000, 19367999], [19400000, 19467999], [20416000, 20549999], [20598000, 20617999], [20864000, 20921999], [21364000, 21409999], [24054000, 24129999], [25776000, 25849999], [26582000, 26601999], [27372000, 27423999], [27870000, 27903999], [28790000, 28823999], [29830000, 29887999], [30256000, 30311999], [31064000, 31109999], [32088000, 32145999], [32186000, 32207999], [32548000, 32569999], [32926000, 32933999], [33640000, 33645999], [33714000, 33735999], [33794000, 33815999], [33908000, 33939999], [34270000, 34279999], [35850000, 35879999], [36096000, 36119999], [36514000, 36551999], [37060000, 37111999], [37142000, 37203999], [37958000, 38005999], [39388000, 39419999], [39578000, 39687999], [39936000, 40129999], [40150000, 40163999], [40346000, 40359999], [40424000, 40447999], [42294000, 42359999], [42406000, 42431999], [42548000, 42603999], [43372000, 43383999], [43554000, 43607999], [43610000, 43621999], [43920000, 43937999], [44954000, 45097999], [46024000, 46039999], [46578000, 46597999], [46732000, 46767999]]
sp9	1	[[16162000, 16173999], [16766000, 16777999], [17380000, 17397999], [17826000, 17913999], [18604000, 18629999], [18636000, 18651999], [19258000, 19291999], [19350000, 19367999], [19400000, 19467999], [20416000, 20549999], [20598000, 20617999], [20864000, 20921999], [21364000, 21409999], [24054000, 24129999], [25776000, 25849999], [26582000, 26601999], [27372000, 27423999], [27870000, 27903999], [28790000, 28823999], [29830000, 29887999], [30256000, 30311999], [31064000, 31109999], [32088000, 32145999], [32186000, 32207999], [32548000, 32569999], [32926000, 32933999], [33640000, 33645999], [33714000, 33735999], [33794000, 33815999], [33908000, 33939999], [34270000, 34279999], [35850000, 35879999], [36096000, 36119999], [36514000, 36551999], [37060000, 37111999], [37142000, 37203999], [37958000, 38005999], [39388000, 39419999], [39578000, 39687999], [39936000, 40129999], [40150000, 40163999], [40346000, 40359999], [40424000, 40447999], [42294000, 42359999], [42406000, 42431999], [42548000, 42603999], [43372000, 43383999], [43554000, 43607999], [43610000, 43621999], [43920000, 43937999], [44954000, 45097999], [46024000, 46039999], [46578000, 46597999], [46732000, 46767999]]
sp10	0	[[20514000, 20549999], [23984000, 23991999], [25796000, 25855999], [29874000, 29879999], [32090000, 32145999], [37152000, 37165999], [39530000, 39691999], [39976000, 40075999], [41082000, 41087999], [43568000, 43589999], [43846000, 43859999], [45996000, 46033999]]
sp10	1	[[20514000, 20549999], [23984000, 23991999], [25796000, 25855999], [29874000, 29879999], [32090000, 32145999], [37152000, 37165999], [39530000, 39691999], [39976000, 40075999], [41082000, 41087999], [43568000, 43589999], [43846000, 43859999], [45996000, 46033999]]
sp11	0	[[16766000, 16773999]]
sp11	1	[[16766000, 16773999]]
sp12	0	[[16766000, 16773999]]
sp12	1	[[16766000, 16773999]]
sp13	0	[[37066000, 37125999], [39580000, 39603999]]
sp13	1	[[37066000, 37125999], [39580000, 39603999]]
sp14	0	[[39982000, 40027999], [41066000, 41089999], [43614000, 43637999]]
sp14	1	[[39982000, 40027999], [41066000, 41089999], [43614000, 43637999]]
sp15	0	[[15490000, 15505999], [16460000, 16467999], [16766000, 16787999], [16818000, 16845999], [19248000, 19277999], [19402000, 19419999], [20416000, 20557999], [20572000, 20573999], [20578000, 20615999], [20892000, 20901999], [23974000, 24021999], [24090000, 24151999], [27014000, 27157999], [27390000, 27427999], [28814000, 28817999], [30252000, 30323999], [30454000, 30507999], [32104000, 32149999], [32182000, 32207999], [32548000, 32603999], [32702000, 32735999], [33742000, 33769999], [33894000, 33929999], [34512000, 34513999], [34752000, 34771999], [35498000, 35517999], [35606000, 35637999], [35740000, 35765999], [35850000, 35879999], [36086000, 36131999], [36148000, 36163999], [36528000, 36551999], [37060000, 37193999], [37946000, 37949999], [39354000, 39355999], [39532000, 39653999], [39942000, 40123999], [40256000, 40259999], [41032000, 41087999], [41250000, 41255999], [41276000, 41289999], [41630000, 41675999], [42308000, 42325999], [42402000, 42431999], [42720000, 42723999], [42740000, 42753999], [42776000, 42801999], [43556000, 43669999], [43878000, 43939999], [44020000, 44043999], [45004000, 45097999], [45622000, 45639999], [45792000, 45809999], [46008000, 46039999], [46578000, 46595999], [46732000, 46799999], [46846000, 46893999], [47772000, 47801999]]
sp15	1	[[15490000, 15505999], [16460000, 16467999], [16766000, 16787999], [16818000, 16845999], [19248000, 19277999], [19402000, 19419999], [20416000, 20557999], [20572000, 20573999], [20578000, 20615999], [20892000, 20901999], [23974000, 24021999], [24090000, 24151999], [27014000, 27157999], [27390000, 27427999], [28814000, 28817999], [30252000, 30323999], [30454000, 30507999], [32104000, 32149999], [32182000, 32207999], [32548000, 32603999], [32702000, 32735999], [33742000, 33769999], [33894000, 33929999], [34512000, 34513999], [34752000, 34771999], [35498000, 35517999], [35606000, 35637999], [35740000, 35765999], [35850000, 35879999], [36086000, 36131999], [36148000, 36163999], [36528000, 36551999], [37060000, 37193999], [37946000, 37949999], [39354000, 39355999], [39532000, 39653999], [39942000, 40123999], [40256000, 40259999], [41032000, 41087999], [41250000, 41255999], [41276000, 41289999], [41630000, 41675999], [42308000, 42325999], [42402000, 42431999], [42720000, 42723999], [42740000, 42753999], [42776000, 42801999], [43556000, 43669999], [43878000, 43939999], [44020000, 44043999], [45004000, 45097999], [45622000, 45639999], [45792000, 45809999], [46008000, 46039999], [46578000, 46595999], [46732000, 46799999], [46846000, 46893999], [47772000, 47801999]]
sp16	0	[[39986000, 39997999]]
sp16	1	[[39986000, 39997999]]
sp17	0	[[19248000, 19269999], [19376000, 19433999], [20430000, 20615999], [20892000, 20921999], [21208000, 21223999], [23974000, 23993999], [27026000, 27053999], [27274000, 27277999], [27282000, 27345999], [27396000, 27423999], [29858000, 29899999], [30270000, 30289999], [32090000, 32143999], [32190000, 32205999], [32528000, 32563999], [33308000, 33317999], [33640000, 33695999], [33714000, 33735999], [33966000, 33979999], [34270000, 34277999], [35760000, 35811999], [35832000, 35879999], [36094000, 36117999], [36506000, 36541999], [37060000, 37127999], [37172000, 37199999], [39056000, 39083999], [39534000, 39653999], [39710000, 39717999], [39888000, 40109999], [40240000, 40271999], [40356000, 40371999], [41060000, 41097999], [41310000, 41329999], [41464000, 41507999], [41630000, 41677999], [42200000, 42217999], [42300000, 42395999], [42780000, 42811999], [43564000, 43647999], [43712000, 43737999], [43918000, 43937999], [44698000, 44725999], [45622000, 45647999], [45702000, 45809999], [46002000, 46039999], [46580000, 46595999], [47774000, 47809999]]
sp17	1	[[19248000, 19269999], [19376000, 19433999], [20430000, 20615999], [20892000, 20921999], [21208000, 21223999], [23974000, 23993999], [27026000, 27053999], [27274000, 27277999], [27282000, 27345999], [27396000, 27423999], [29858000, 29899999], [30270000, 30289999], [32090000, 32143999], [32190000, 32205999], [32528000, 32563999], [33308000, 33317999], [33640000, 33695999], [33714000, 33735999], [33966000, 33979999], [34270000, 34277999], [35760000, 35811999], [35832000, 35879999], [36094000, 36117999], [36506000, 36541999], [37060000, 37127999], [37172000, 37199999], [39056000, 39083999], [39534000, 39653999], [39710000, 39717999], [39888000, 40109999], [40240000, 40271999], [40356000, 40371999], [41060000, 41097999], [41310000, 41329999], [41464000, 41507999], [41630000, 41677999], [42200000, 42217999], [42300000, 42395999], [42780000, 42811999], [43564000, 43647999], [43712000, 43737999], [43918000, 43937999], [44698000, 44725999], [45622000, 45647999], [45702000, 45809999], [46002000, 46039999], [46580000, 46595999], [47774000, 47809999]]
sp18	0	[[29858000, 29881999], [36098000, 36115999], [37060000, 37111999]]
sp18	1	[[29858000, 29881999], [36098000, 36115999], [37060000, 37111999]]
sp19	0	[[16464000, 16517999], [17380000, 17397999], [17836000, 17863999], [18164000, 18181999], [18892000, 18899999], [19244000, 19289999], [19366000, 19407999], [20510000, 20551999], [20606000, 20615999], [20870000, 20921999], [21208000, 21217999], [23982000, 23993999], [24086000, 24147999], [25788000, 25837999], [27252000, 27337999], [29084000, 29093999], [29856000, 29935999], [30272000, 30391999], [31080000, 31101999], [32106000, 32145999], [32528000, 32563999], [32674000, 32683999], [33640000, 33735999], [33804000, 33923999], [34272000, 34275999], [34718000, 34771999], [35596000, 35635999], [36086000, 36155999], [36506000, 36561999], [37060000, 37117999], [37138000, 37181999], [37452000, 37553999], [37946000, 37981999], [39050000, 39063999], [39322000, 39379999], [39400000, 39421999], [39476000, 39673999], [39866000, 40097999], [40236000, 40259999], [40346000, 40363999], [40416000, 40447999], [41040000, 41099999], [41310000, 41315999], [41426000, 41443999], [41466000, 41507999], [41548000, 41573999], [41588000, 41597999], [41638000, 41681999], [41738000, 41783999], [42202000, 42209999], [42296000, 42323999], [42404000, 42431999], [42780000, 42811999], [43038000, 43051999], [43372000, 43385999], [43566000, 43641999], [43846000, 43855999], [43898000, 43939999], [44926000, 45097999], [45746000, 45821999], [45988000, 46039999], [46578000, 46597999], [46750000, 46799999], [47770000, 47811999]]
sp19	1	[[16464000, 16517999], [17380000, 17397999], [17836000, 17863999], [18164000, 18181999], [18892000, 18899999], [19244000, 19289999], [19366000, 19407999], [20510000, 20551999], [20606000, 20615999], [20870000, 20921999], [21208000, 21217999], [23982000, 23993999], [24086000, 24147999], [25788000, 25837999], [27252000, 27337999], [29084000, 29093999], [29856000, 29935999], [30272000, 30391999], [31080000, 31101999], [32106000, 32145999], [32528000, 32563999], [32674000, 32683999], [33640000, 33735999], [33804000, 33923999], [34272000, 34275999], [34718000, 34771999], [35596000, 35635999], [36086000, 36155999], [36506000, 36561999], [37060000, 37117999], [37138000, 37181999], [37452000, 37553999], [37946000, 37981999], [39050000, 39063999], [39322000, 39379999], [39400000, 39421999], [39476000, 39673999], [39866000, 40097999], [40236000, 40259999], [40346000, 40363999], [40416000, 40447999], [41040000, 41099999], [41310000, 41315999], [41426000, 41443999], [41466000, 41507999], [41548000, 41573999], [41588000, 41597999], [41638000, 41681999], [41738000, 41783999], [42202000, 42209999], [42296000, 42323999], [42404000, 42431999], [42780000, 42811999], [43038000, 43051999], [43372000, 43385999], [43566000, 43641999], [43846000, 43855999], [43898000, 43939999], [44926000, 45097999], [45746000, 45821999], [45988000, 46039999], [46578000, 46597999], [46750000, 46799999], [47770000, 47811999]]
sp20	0	[[37062000, 37115999]]
sp20	1	[[37062000, 37115999]]
sp21	0	[[29864000, 29877999], [39588000, 39593999], [39988000, 39995999], [46024000, 46035999]]
sp21	1	[[29864000, 29877999], [39588000, 39593999], [39988000, 39995999], [46024000, 46035999]]
sp22	0	[[15816000, 15847999], [16158000, 16173999], [16392000, 16407999], [16632000, 16655999], [16754000, 16785999], [17822000, 17869999], [18602000, 18651999], [18980000, 18997999], [19124000, 19135999], [19248000, 19291999], [20418000, 20617999], [20868000, 20921999], [22520000, 22559999], [23772000, 23785999], [23976000, 23999999], [24086000, 24149999], [25756000, 25861999], [26998000, 27047999], [27114000, 27157999], [27254000, 27309999], [27392000, 27427999], [27872000, 27901999], [28796000, 28821999], [29086000, 29087999], [29832000, 29919999], [30270000, 30317999], [31060000, 31101999], [32084000, 32147999], [32188000, 32207999], [32446000, 32487999], [32524000, 32613999], [32628000, 32645999], [32926000, 32933999], [33306000, 33321999], [33392000, 33401999], [33608000, 33735999], [33748000, 33837999], [33894000, 33937999], [33964000, 34015999], [34270000, 34281999], [34446000, 34457999], [35498000, 35517999], [35594000, 35637999], [35682000, 35701999], [35740000, 35805999], [35848000, 35879999], [36090000, 36165999], [36498000, 36597999], [37060000, 37203999], [37542000, 37561999], [37946000, 37965999], [38340000, 38353999], [38546000, 38579999], [39308000, 39427999], [39492000, 39511999], [39530000, 39551999], [39562000, 39751999], [39842000, 40067999], [40238000, 40275999], [40346000, 40363999], [40424000, 40427999], [40436000, 40449999], [41036000, 41101999], [41244000, 41261999], [41274000, 41289999], [41310000, 41317999], [41464000, 41509999], [41624000, 41693999], [41898000, 41919999], [42204000, 42217999], [42280000, 42347999], [42518000, 42557999], [42712000, 42723999], [43468000, 43471999], [43498000, 43505999], [43550000, 43649999], [43694000, 43737999], [43830000, 43857999], [43914000, 43939999], [44958000, 45097999], [45420000, 45449999], [45588000, 45603999], [45760000, 45819999], [45994000, 46043999], [46582000, 46597999], [46752000, 46799999], [46852000, 46883999], [47642000, 47671999], [47758000, 47799999]]
sp22	1	[[15816000, 15847999], [16158000, 16173999], [16392000, 16407999], [16632000, 16655999], [16754000, 16785999], [17822000, 17869999], [18602000, 18651999], [18980000, 18997999], [19124000, 19135999], [19248000, 19291999], [20418000, 20617999], [20868000, 20921999], [22520000, 22559999], [23772000, 23785999], [23976000, 23999999], [24086000, 24149999], [25756000, 25861999], [26998000, 27047999], [27114000, 27157999], [27254000, 27309999], [27392000, 27427999], [27872000, 27901999], [28796000, 28821999], [29086000, 29087999], [29832000, 29919999], [30270000, 30317999], [31060000, 31101999], [32084000, 32147999], [32188000, 32207999], [32446000, 32487999], [32524000, 32613999], [32628000, 32645999], [32926000, 32933999], [33306000, 33321999], [33392000, 33401999], [33608000, 33735999], [33748000, 33837999], [33894000, 33937999], [33964000, 34015999], [34270000, 34281999], [34446000, 34457999], [35498000, 35517999], [35594000, 35637999], [35682000, 35701999], [35740000, 35805999], [35848000, 35879999], [36090000, 36165999], [36498000, 36597999], [37060000, 37203999], [37542000, 37561999], [37946000, 37965999], [38340000, 38353999], [38546000, 38579999], [39308000, 39427999], [39492000, 39511999], [39530000, 39551999], [39562000, 39751999], [39842000, 40067999], [40238000, 40275999], [40346000, 40363999], [40424000, 40427999], [40436000, 40449999], [41036000, 41101999], [41244000, 41261999], [41274000, 41289999], [41310000, 41317999], [41464000, 41509999], [41624000, 41693999], [41898000, 41919999], [42204000, 42217999], [42280000, 42347999], [42518000, 42557999], [42712000, 42723999], [43468000, 43471999], [43498000, 43505999], [43550000, 43649999], [43694000, 43737999], [43830000, 43857999], [43914000, 43939999], [44958000, 45097999], [45420000, 45449999], [45588000, 45603999], [45760000, 45819999], [45994000, 46043999], [46582000, 46597999], [46752000, 46799999], [46852000, 46883999], [47642000, 47671999], [47758000, 47799999]]
sp23	0	[[16490000, 16505999], [16768000, 16783999], [19248000, 19277999], [20502000, 20551999], [25786000, 25841999], [27296000, 27337999], [29860000, 29885999], [30272000, 30313999], [32092000, 32137999], [32528000, 32537999], [33640000, 33693999], [35850000, 35883999], [36094000, 36163999], [37060000, 37169999], [39578000, 39651999], [39940000, 40099999], [40244000, 40275999], [40348000, 40369999], [42294000, 42325999], [43040000, 43045999], [43550000, 43597999], [43628000, 43639999], [43838000, 43855999], [44960000, 45101999], [45996000, 46039999], [46572000, 46593999], [46734000, 46773999], [46848000, 46893999]]
sp23	1	[[16490000, 16505999], [16768000, 16783999], [19248000, 19277999], [20502000, 20551999], [25786000, 25841999], [27296000, 27337999], [29860000, 29885999], [30272000, 30313999], [32092000, 32137999], [32528000, 32537999], [33640000, 33693999], [35850000, 35883999], [36094000, 36163999], [37060000, 37169999], [39578000, 39651999], [39940000, 40099999], [40244000, 40275999], [40348000, 40369999], [42294000, 42325999], [43040000, 43045999], [43550000, 43597999], [43628000, 43639999], [43838000, 43855999], [44960000, 45101999], [45996000, 46039999], [46572000, 46593999], [46734000, 46773999], [46848000, 46893999]]
sp24	0	[[29858000, 29881999], [36094000, 36115999], [39982000, 40021999], [43550000, 43595999], [45998000, 46039999]]
sp24	1	[[29858000, 29881999], [36094000, 36115999], [39982000, 40021999], [43550000, 43595999], [45998000, 46039999]]
fr25	0	[[16768000, 16783999]]
fr25	1	[[16768000, 16783999]]
fr26	0	[[15476000, 15505999], [15810000, 15849999], [16282000, 16347999], [16462000, 16515999], [16766000, 16807999], [16834000, 16875999], [16958000, 17023999], [17246000, 17283999], [17386000, 17399999], [17834000, 17865999], [18604000, 18613999], [18698000, 18709999], [19124000, 19129999], [19244000, 19289999], [19386000, 19421999], [19914000, 19977999], [20404000, 20549999], [20590000, 20615999], [20866000, 20921999], [21208000, 21213999], [22518000, 22559999], [23974000, 23999999], [24086000, 24147999], [25776000, 25835999], [26574000, 26601999], [27014000, 27053999], [27094000, 27157999], [27264000, 27309999], [27374000, 27413999], [27794000, 27845999], [27856000, 27881999], [28798000, 28821999], [29084000, 29087999], [29516000, 29531999], [29826000, 29883999], [30266000, 30309999], [30368000, 30481999], [31046000, 31103999], [31506000, 31531999], [32102000, 32221999], [32528000, 32601999], [33306000, 33321999], [33608000, 33835999], [33894000, 33929999], [33966000, 34079999], [34270000, 34281999], [34444000, 34457999], [34508000, 34541999], [34738000, 34775999], [34798000, 34869999], [35152000, 35201999], [35498000, 35517999], [35604000, 35637999], [35740000, 35817999], [35824000, 35879999], [36090000, 36165999], [36406000, 36423999], [36508000, 36607999], [36632000, 36645999], [37060000, 37199999], [37364000, 37389999], [37542000, 37557999], [37946000, 37983999], [38652000, 38671999], [38688000, 38715999], [39048000, 39081999], [39330000, 39427999], [39490000, 39671999], [39844000, 40113999], [40244000, 40263999], [40346000, 40375999], [40444000, 40449999], [41036000, 41089999], [41230000, 41261999], [41310000, 41315999], [41470000, 41509999], [41548000, 41747999], [42204000, 42217999], [42296000, 42355999], [42404000, 42431999], [42506000, 42569999], [42626000, 42651999], [43038000, 43051999], [43372000, 43409999], [43566000, 43641999], [43712000, 43729999], [43838000, 43857999], [43906000, 43939999], [43998000, 44005999], [44696000, 44729999], [44922000, 45097999], [45694000, 45723999], [45760000, 45823999], [45890000, 45923999], [45994000, 46043999], [46578000, 46597999], [46732000, 46799999], [46838000, 46897999], [47774000, 47795999]]
fr26	1	[[15476000, 15505999], [15810000, 15849999], [16282000, 16347999], [16462000, 16515999], [16766000, 16807999], [16834000, 16875999], [16958000, 17023999], [17246000, 17283999], [17386000, 17399999], [17834000, 17865999], [18604000, 18613999], [18698000, 18709999], [19124000, 19129999], [19244000, 19289999], [19386000, 19421999], [19914000, 19977999], [20404000, 20549999], [20590000, 20615999], [20866000, 20921999], [21208000, 21213999], [22518000, 22559999], [23974000, 23999999], [24086000, 24147999], [25776000, 25835999], [26574000, 26601999], [27014000, 27053999], [27094000, 27157999], [27264000, 27309999], [27374000, 27413999], [27794000, 27845999], [27856000, 27881999], [28798000, 28821999], [29084000, 29087999], [29516000, 29531999], [29826000, 29883999], [30266000, 30309999], [30368000, 30481999], [31046000, 31103999], [31506000, 31531999], [32102000, 32221999], [32528000, 32601999], [33306000, 33321999], [33608000, 33835999], [33894000, 33929999], [33966000, 34079999], [34270000, 34281999], [34444000, 34457999], [34508000, 34541999], [34738000, 34775999], [34798000, 34869999], [35152000, 35201999], [35498000, 35517999], [35604000, 35637999], [35740000, 35817999], [35824000, 35879999], [36090000, 36165999], [36406000, 36423999], [36508000, 36607999], [36632000, 36645999], [37060000, 37199999], [37364000, 37389999], [37542000, 37557999], [37946000, 37983999], [38652000, 38671999], [38688000, 38715999], [39048000, 39081999], [39330000, 39427999], [39490000, 39671999], [39844000, 40113999], [40244000, 40263999], [40346000, 40375999], [40444000, 40449999], [41036000, 41089999], [41230000, 41261999], [41310000, 41315999], [41470000, 41509999], [41548000, 41747999], [42204000, 42217999], [42296000, 42355999], [42404000, 42431999], [42506000, 42569999], [42626000, 42651999], [43038000, 43051999], [43372000, 43409999], [43566000, 43641999], [43712000, 43729999], [43838000, 43857999], [43906000, 43939999], [43998000, 44005999], [44696000, 44729999], [44922000, 45097999], [45694000, 45723999], [45760000, 45823999], [45890000, 45923999], [45994000, 46043999], [46578000, 46597999], [46732000, 46799999], [46838000, 46897999], [47774000, 47795999]]
fr27	0	[[16768000, 16783999], [19250000, 19289999], [19410000, 19425999], [20422000, 20549999], [22656000, 22681999], [23978000, 23999999], [25790000, 25857999], [27394000, 27409999], [29522000, 29531999], [30270000, 30391999], [33642000, 33695999], [33796000, 33835999], [33906000, 33933999], [36094000, 36117999], [36506000, 36555999], [37060000, 37107999], [37946000, 37967999], [39056000, 39079999], [39580000, 39613999], [39864000, 40047999], [40244000, 40261999], [41310000, 41327999], [41628000, 41649999], [42624000, 42635999], [42776000, 42801999], [43132000, 43145999], [43372000, 43385999], [43550000, 43639999], [43846000, 43857999], [43924000, 43929999]]
fr27	1	[[16768000, 16783999], [19250000, 19289999], [19410000, 19425999], [20422000, 20549999], [22656000, 22681999], [23978000, 23999999], [25790000, 25857999], [27394000, 27409999], [29522000, 29531999], [30270000, 30391999], [33642000, 33695999], [33796000, 33835999], [33906000, 33933999], [36094000, 36117999], [36506000, 36555999], [37060000, 37107999], [37946000, 37967999], [39056000, 39079999], [39580000, 39613999], [39864000, 40047999], [40244000, 40261999], [41310000, 41327999], [41628000, 41649999], [42624000, 42635999], [42776000, 42801999], [43132000, 43145999], [43372000, 43385999], [43550000, 43639999], [43846000, 43857999], [43924000, 43929999]]
fr28	0	[[16818000, 16875999], [17828000, 17909999], [18164000, 18177999], [19248000, 19295999], [19408000, 19437999], [20428000, 20553999], [20892000, 20921999], [23980000, 23999999], [24090000, 24147999], [25828000, 25859999], [27026000, 27055999], [27268000, 27305999], [27392000, 27413999], [27870000, 27897999], [29084000, 29103999], [29822000, 29881999], [30220000, 30233999], [30250000, 30467999], [31062000, 31127999], [32102000, 32143999], [32528000, 32605999], [33612000, 33667999], [33678000, 33681999], [33686000, 33695999], [33716000, 33777999], [33810000, 33815999], [33964000, 34017999], [34268000, 34281999], [35694000, 35703999], [35744000, 35803999], [35848000, 35877999], [36078000, 36209999], [36406000, 36425999], [36528000, 36543999], [37060000, 37187999], [37948000, 37993999], [39054000, 39063999], [39356000, 39419999], [39578000, 39665999], [39858000, 40097999], [40236000, 40263999], [40346000, 40373999], [41064000, 41101999], [41202000, 41215999], [41248000, 41315999], [41548000, 41575999], [41586000, 41599999], [41622000, 41677999], [41980000, 41983999], [42296000, 42325999], [42418000, 42421999], [43036000, 43051999], [43498000, 43503999], [43550000, 43641999], [43846000, 43857999], [43906000, 43939999], [44706000, 44713999], [44722000, 44723999], [45004000, 45097999], [45198000, 45215999], [45628000, 45707999], [45762000, 45809999], [45996000, 46043999], [46848000, 46873999]]
fr28	1	[[16818000, 16875999], [17828000, 17909999], [18164000, 18177999], [19248000, 19295999], [19408000, 19437999], [20428000, 20553999], [20892000, 20921999], [23980000, 23999999], [24090000, 24147999], [25828000, 25859999], [27026000, 27055999], [27268000, 27305999], [27392000, 27413999], [27870000, 27897999], [29084000, 29103999], [29822000, 29881999], [30220000, 30233999], [30250000, 30467999], [31062000, 31127999], [32102000, 32143999], [32528000, 32605999], [33612000, 33667999], [33678000, 33681999], [33686000, 33695999], [33716000, 33777999], [33810000, 33815999], [33964000, 34017999], [34268000, 34281999], [35694000, 35703999], [35744000, 35803999], [35848000, 35877999], [36078000, 36209999], [36406000, 36425999], [36528000, 36543999], [37060000, 37187999], [37948000, 37993999], [39054000, 39063999], [39356000, 39419999], [39578000, 39665999], [39858000, 40097999], [40236000, 40263999], [40346000, 40373999], [41064000, 41101999], [41202000, 41215999], [41248000, 41315999], [41548000, 41575999], [41586000, 41599999], [41622000, 41677999], [41980000, 41983999], [42296000, 42325999], [42418000, 42421999], [43036000, 43051999], [43498000, 43503999], [43550000, 43641999], [43846000, 43857999], [43906000, 43939999], [44706000, 44713999], [44722000, 44723999], [45004000, 45097999], [45198000, 45215999], [45628000, 45707999], [45762000, 45809999], [45996000, 46043999], [46848000, 46873999]]
fr29	0	[[16758000, 16787999], [19248000, 19271999], [20430000, 20539999], [20894000, 20903999], [24090000, 24099999], [25792000, 25855999], [29076000, 29109999], [29856000, 29885999], [30274000, 30293999], [32098000, 32153999], [32182000, 32197999], [35596000, 35637999], [36090000, 36115999], [36526000, 36549999], [37058000, 37113999], [37332000, 37347999], [39246000, 39277999], [39404000, 39425999], [39532000, 39653999], [39978000, 40095999], [40244000, 40259999], [42334000, 42353999], [42402000, 42431999], [43848000, 43857999]]
fr29	1	[[16758000, 16787999], [19248000, 19271999], [20430000, 20539999], [20894000, 20903999], [24090000, 24099999], [25792000, 25855999], [29076000, 29109999], [29856000, 29885999], [30274000, 30293999], [32098000, 32153999], [32182000, 32197999], [35596000, 35637999], [36090000, 36115999], [36526000, 36549999], [37058000, 37113999], [37332000, 37347999], [39246000, 39277999], [39404000, 39425999], [39532000, 39653999], [39978000, 40095999], [40244000, 40259999], [42334000, 42353999], [42402000, 42431999], [43848000, 43857999]]
fr30	0	[[16154000, 16173999], [16488000, 16517999], [16764000, 16851999], [17822000, 17917999], [18154000, 18183999], [18306000, 18319999], [18602000, 18651999], [18892000, 18899999], [18960000, 18963999], [19244000, 19323999], [20020000, 20051999], [20416000, 20551999], [20598000, 20631999], [22528000, 22557999], [22666000, 22681999], [22842000, 22847999], [23776000, 23847999], [23976000, 23999999], [24052000, 24147999], [25758000, 25861999], [27138000, 27159999], [27260000, 27277999], [27378000, 27407999], [27794000, 27799999], [29810000, 29889999], [30270000, 30289999], [30432000, 30479999], [31046000, 31119999], [32088000, 32207999], [32528000, 32579999], [32714000, 32725999], [33308000, 33315999], [33638000, 33673999], [33714000, 33735999], [33894000, 33929999], [33964000, 34015999], [34444000, 34471999], [35496000, 35517999], [35606000, 35635999], [36088000, 36107999], [36508000, 36595999], [37060000, 37199999], [37332000, 37385999], [37408000, 37411999], [37946000, 37949999], [38658000, 38713999], [39350000, 39379999], [39468000, 39675999], [39848000, 40119999], [40238000, 40275999], [40346000, 40371999], [41054000, 41101999], [41312000, 41327999], [42202000, 42217999], [42294000, 42333999], [42410000, 42421999], [43550000, 43639999], [43924000, 43937999], [44024000, 44043999], [45004000, 45095999], [45996000, 46039999], [46578000, 46597999], [46846000, 46895999]]
fr30	1	[[16154000, 16173999], [16488000, 16517999], [16764000, 16851999], [17822000, 17917999], [18154000, 18183999], [18306000, 18319999], [18602000, 18651999], [18892000, 18899999], [18960000, 18963999], [19244000, 19323999], [20020000, 20051999], [20416000, 20551999], [20598000, 20631999], [22528000, 22557999], [22666000, 22681999], [22842000, 22847999], [23776000, 23847999], [23976000, 23999999], [24052000, 24147999], [25758000, 25861999], [27138000, 27159999], [27260000, 27277999], [27378000, 27407999], [27794000, 27799999], [29810000, 29889999], [30270000, 30289999], [30432000, 30479999], [31046000, 31119999], [32088000, 32207999], [32528000, 32579999], [32714000, 32725999], [33308000, 33315999], [33638000, 33673999], [33714000, 33735999], [33894000, 33929999], [33964000, 34015999], [34444000, 34471999], [35496000, 35517999], [35606000, 35635999], [36088000, 36107999], [36508000, 36595999], [37060000, 37199999], [37332000, 37385999], [37408000, 37411999], [37946000, 37949999], [38658000, 38713999], [39350000, 39379999], [39468000, 39675999], [39848000, 40119999], [40238000, 40275999], [40346000, 40371999], [41054000, 41101999], [41312000, 41327999], [42202000, 42217999], [42294000, 42333999], [42410000, 42421999], [43550000, 43639999], [43924000, 43937999], [44024000, 44043999], [45004000, 45095999], [45996000, 46039999], [46578000, 46597999], [46846000, 46895999]]
fr31	0	[[37066000, 37067999]]
fr31	1	[[37066000, 37067999]]
fr32	0	[[37066000, 37067999]]
fr32	1	[[37066000, 37067999]]
fr33	0	[[15818000, 15855999], [16158000, 16173999], [16462000, 16517999], [16616000, 16659999], [16766000, 16781999], [16820000, 16875999], [16956000, 16999999], [17048000, 17059999], [17824000, 17975999], [18602000, 18723999], [18892000, 18913999], [18930000, 19015999], [19110000, 19137999], [19246000, 19339999], [19360000, 19435999], [19954000, 19987999], [20002000, 20047999], [20418000, 20573999], [20596000, 20665999], [20888000, 20921999], [21210000, 21223999], [22520000, 22559999], [23974000, 24021999], [24054000, 24225999], [25764000, 25849999], [25910000, 25913999], [26086000, 26129999], [26576000, 26611999], [26662000, 26689999], [26860000, 26885999], [27026000, 27053999], [27092000, 27159999], [27260000, 27345999], [27364000, 27411999], [27794000, 27807999], [28568000, 28615999], [29084000, 29117999], [29366000, 29375999], [29510000, 29531999], [29594000, 29597999], [29812000, 29907999], [30272000, 30465999], [31056000, 31115999], [31494000, 31561999], [32088000, 32209999], [32330000, 32421999], [32528000, 32587999], [32674000, 32681999], [32706000, 32735999], [33058000, 33075999], [33608000, 33695999], [33720000, 33731999], [33796000, 33837999], [33910000, 33933999], [33966000, 34081999], [34270000, 34279999], [34444000, 34461999], [35148000, 35195999], [35498000, 35517999], [35616000, 35635999], [35740000, 35803999], [35846000, 35891999], [36086000, 36131999], [36526000, 36627999], [37060000, 37203999], [37366000, 37397999], [37402000, 37411999], [37462000, 37515999], [37544000, 37555999], [37946000, 37965999], [38250000, 38285999], [39350000, 39421999], [39470000, 39755999], [39844000, 40137999], [40240000, 40275999], [40348000, 40371999], [40418000, 40425999], [41030000, 41103999], [41228000, 41261999], [41310000, 41329999], [41468000, 41491999], [41552000, 41575999], [41586000, 41751999], [41764000, 41781999], [41898000, 41919999], [42294000, 42431999], [42502000, 42511999], [42714000, 42719999], [42776000, 42811999], [43036000, 43051999], [43372000, 43409999], [43550000, 43647999], [43846000, 43857999], [43906000, 43939999], [44024000, 44043999], [45446000, 45449999], [45460000, 45603999], [45702000, 45813999], [45880000, 45925999], [45996000, 46043999], [46468000, 46481999], [46572000, 46597999], [46846000, 46897999], [47654000, 47663999], [47772000, 47803999], [48064000, 48073999]]
fr33	1	[[15818000, 15855999], [16158000, 16173999], [16462000, 16517999], [16616000, 16659999], [16766000, 16781999], [16820000, 16875999], [16956000, 16999999], [17048000, 17059999], [17824000, 17975999], [18602000, 18723999], [18892000, 18913999], [18930000, 19015999], [19110000, 19137999], [19246000, 19339999], [19360000, 19435999], [19954000, 19987999], [20002000, 20047999], [20418000, 20573999], [20596000, 20665999], [20888000, 20921999], [21210000, 21223999], [22520000, 22559999], [23974000, 24021999], [24054000, 24225999], [25764000, 25849999], [25910000, 25913999], [26086000, 26129999], [26576000, 26611999], [26662000, 26689999], [26860000, 26885999], [27026000, 27053999], [27092000, 27159999], [27260000, 27345999], [27364000, 27411999], [27794000, 27807999], [28568000, 28615999], [29084000, 29117999], [29366000, 29375999], [29510000, 29531999], [29594000, 29597999], [29812000, 29907999], [30272000, 30465999], [31056000, 31115999], [31494000, 31561999], [32088000, 32209999], [32330000, 32421999], [32528000, 32587999], [32674000, 32681999], [32706000, 32735999], [33058000, 33075999], [33608000, 33695999], [33720000, 33731999], [33796000, 33837999], [33910000, 33933999], [33966000, 34081999], [34270000, 34279999], [34444000, 34461999], [35148000, 35195999], [35498000, 35517999], [35616000, 35635999], [35740000, 35803999], [35846000, 35891999], [36086000, 36131999], [36526000, 36627999], [37060000, 37203999], [37366000, 37397999], [37402000, 37411999], [37462000, 37515999], [37544000, 37555999], [37946000, 37965999], [38250000, 38285999], [39350000, 39421999], [39470000, 39755999], [39844000, 40137999], [40240000, 40275999], [40348000, 40371999], [40418000, 40425999], [41030000, 41103999], [41228000, 41261999], [41310000, 41329999], [41468000, 41491999], [41552000, 41575999], [41586000, 41751999], [41764000, 41781999], [41898000, 41919999], [42294000, 42431999], [42502000, 42511999], [42714000, 42719999], [42776000, 42811999], [43036000, 43051999], [43372000, 43409999], [43550000, 43647999], [43846000, 43857999], [43906000, 43939999], [44024000, 44043999], [45446000, 45449999], [45460000, 45603999], [45702000, 45813999], [45880000, 45925999], [45996000, 46043999], [46468000, 46481999], [46572000, 46597999], [46846000, 46897999], [47654000, 47663999], [47772000, 47803999], [48064000, 48073999]]
fr34	0	[[39578000, 39615999]]
fr34	1	[[39578000, 39615999]]
fr35	0	[[39534000, 39601999], [39648000, 39651999]]
fr35	1	[[39534000, 39601999], [39648000, 39651999]]
fr36	0	[[39982000, 40025999]]
fr36	1	[[39982000, 40025999]]
fr37	0	[[15450000, 15507999], [15816000, 15855999], [16750000, 16785999], [16960000, 16997999], [17834000, 17863999], [18604000, 18653999], [19244000, 19289999], [19386000, 19433999], [20434000, 20463999], [20518000, 20549999], [20588000, 20615999], [20888000, 20921999], [21208000, 21231999], [23976000, 23999999], [24086000, 24129999], [25790000, 25843999], [26998000, 27053999], [27260000, 27307999], [27394000, 27407999], [29084000, 29093999], [29860000, 29885999], [30214000, 30311999], [32094000, 32145999], [32190000, 32221999], [32528000, 32601999], [32926000, 32933999], [33610000, 33735999], [33796000, 33831999], [33964000, 34053999], [34270000, 34281999], [34446000, 34459999], [34752000, 34771999], [35606000, 35635999], [35690000, 35703999], [35784000, 35821999], [35848000, 35879999], [36022000, 36061999], [36094000, 36163999], [36528000, 36613999], [37060000, 37185999], [37544000, 37559999], [37946000, 38005999], [39056000, 39077999], [39412000, 39419999], [39576000, 39669999], [39842000, 40101999], [40236000, 40263999], [40422000, 40447999], [41078000, 41103999], [41228000, 41261999], [41436000, 41443999], [41470000, 41507999], [41588000, 41675999], [42204000, 42215999], [42290000, 42315999], [42410000, 42429999], [42506000, 42543999], [43038000, 43051999], [43550000, 43669999], [43694000, 43699999], [43908000, 43939999], [44922000, 44929999], [44952000, 45101999], [45502000, 45521999], [45588000, 45603999], [45758000, 45815999], [45990000, 46043999], [46572000, 46597999], [46734000, 46797999], [46846000, 46885999], [47542000, 47553999], [47644000, 47665999], [47768000, 47809999]]
fr37	1	[[15450000, 15507999], [15816000, 15855999], [16750000, 16785999], [16960000, 16997999], [17834000, 17863999], [18604000, 18653999], [19244000, 19289999], [19386000, 19433999], [20434000, 20463999], [20518000, 20549999], [20588000, 20615999], [20888000, 20921999], [21208000, 21231999], [23976000, 23999999], [24086000, 24129999], [25790000, 25843999], [26998000, 27053999], [27260000, 27307999], [27394000, 27407999], [29084000, 29093999], [29860000, 29885999], [30214000, 30311999], [32094000, 32145999], [32190000, 32221999], [32528000, 32601999], [32926000, 32933999], [33610000, 33735999], [33796000, 33831999], [33964000, 34053999], [34270000, 34281999], [34446000, 34459999], [34752000, 34771999], [35606000, 35635999], [35690000, 35703999], [35784000, 35821999], [35848000, 35879999], [36022000, 36061999], [36094000, 36163999], [36528000, 36613999], [37060000, 37185999], [37544000, 37559999], [37946000, 38005999], [39056000, 39077999], [39412000, 39419999], [39576000, 39669999], [39842000, 40101999], [40236000, 40263999], [40422000, 40447999], [41078000, 41103999], [41228000, 41261999], [41436000, 41443999], [41470000, 41507999], [41588000, 41675999], [42204000, 42215999], [42290000, 42315999], [42410000, 42429999], [42506000, 42543999], [43038000, 43051999], [43550000, 43669999], [43694000, 43699999], [43908000, 43939999], [44922000, 44929999], [44952000, 45101999], [45502000, 45521999], [45588000, 45603999], [45758000, 45815999], [45990000, 46043999], [46572000, 46597999], [46734000, 46797999], [46846000, 46885999], [47542000, 47553999], [47644000, 47665999], [47768000, 47809999]]
fr38	0	[[20506000, 20551999], [20574000, 20613999], [36094000, 36115999], [46580000, 46587999]]
fr38	1	[[20506000, 20551999], [20574000, 20613999], [36094000, 36115999], [46580000, 46587999]]
fr39	0	[[20512000, 20537999], [30274000, 30291999], [35852000, 35863999], [36094000, 36115999], [36506000, 36537999], [37060000, 37129999], [39978000, 40085999], [40254000, 40259999], [40420000, 40427999], [41080000, 41087999], [42304000, 42315999], [43566000, 43597999], [45018000, 45077999]]
fr39	1	[[20512000, 20537999], [30274000, 30291999], [35852000, 35863999], [36094000, 36115999], [36506000, 36537999], [37060000, 37129999], [39978000, 40085999], [40254000, 40259999], [40420000, 40427999], [41080000, 41087999], [42304000, 42315999], [43566000, 43597999], [45018000, 45077999]]
fr40	0	[[29852000, 29881999], [30374000, 30445999]]
fr40	1	[[29852000, 29881999], [30374000, 30445999]]
fr41	0	[[37060000, 37111999]]
fr41	1	[[37060000, 37111999]]
fr42	0	[[36094000, 36115999]]
fr42	1	[[36094000, 36115999]]
fr43	0	[[16760000, 16779999], [29872000, 29879999], [36094000, 36117999], [37060000, 37071999], [46580000, 46591999]]
fr43	1	[[16760000, 16779999], [29872000, 29879999], [36094000, 36117999], [37060000, 37071999], [46580000, 46591999]]
fr44	0	[[15450000, 15505999], [15816000, 15845999], [16158000, 16173999], [16492000, 16505999], [16766000, 16777999], [16822000, 16843999], [16956000, 16999999], [17834000, 17895999], [18604000, 18653999], [18892000, 18897999], [19248000, 19273999], [19362000, 19419999], [20416000, 20551999], [20604000, 20623999], [20884000, 20921999], [21210000, 21223999], [23982000, 23999999], [24086000, 24147999], [24332000, 24351999], [24802000, 24809999], [25702000, 25847999], [27268000, 27341999], [27370000, 27419999], [28798000, 28823999], [29084000, 29109999], [29862000, 29957999], [30264000, 30309999], [31058000, 31117999], [31440000, 31465999], [31504000, 31531999], [32106000, 32149999], [32452000, 32487999], [32528000, 32601999], [32712000, 32771999], [32802000, 32811999], [33312000, 33315999], [33644000, 33775999], [33856000, 33923999], [33966000, 34015999], [34444000, 34457999], [34750000, 34777999], [35798000, 35803999], [35832000, 35881999], [36020000, 36045999], [36092000, 36131999], [36506000, 36555999], [36572000, 36597999], [37060000, 37203999], [37542000, 37557999], [38992000, 39027999], [39040000, 39085999], [39264000, 39285999], [39350000, 39397999], [39400000, 39403999], [39532000, 39693999], [39708000, 39715999], [39848000, 39901999], [39940000, 40137999], [40244000, 40275999], [40422000, 40449999], [41052000, 41089999], [41274000, 41329999], [41548000, 41571999], [41586000, 41599999], [41628000, 41675999], [41758000, 41783999], [41898000, 41919999], [42294000, 42359999], [42408000, 42431999], [43038000, 43051999], [43550000, 43641999], [43720000, 43741999], [43846000, 43859999], [43918000, 43939999], [44936000, 45097999], [45890000, 45917999], [46002000, 46007999], [46024000, 46037999], [46570000, 46599999], [46734000, 46769999], [47642000, 47665999]]
fr44	1	[[15450000, 15505999], [15816000, 15845999], [16158000, 16173999], [16492000, 16505999], [16766000, 16777999], [16822000, 16843999], [16956000, 16999999], [17834000, 17895999], [18604000, 18653999], [18892000, 18897999], [19248000, 19273999], [19362000, 19419999], [20416000, 20551999], [20604000, 20623999], [20884000, 20921999], [21210000, 21223999], [23982000, 23999999], [24086000, 24147999], [24332000, 24351999], [24802000, 24809999], [25702000, 25847999], [27268000, 27341999], [27370000, 27419999], [28798000, 28823999], [29084000, 29109999], [29862000, 29957999], [30264000, 30309999], [31058000, 31117999], [31440000, 31465999], [31504000, 31531999], [32106000, 32149999], [32452000, 32487999], [32528000, 32601999], [32712000, 32771999], [32802000, 32811999], [33312000, 33315999], [33644000, 33775999], [33856000, 33923999], [33966000, 34015999], [34444000, 34457999], [34750000, 34777999], [35798000, 35803999], [35832000, 35881999], [36020000, 36045999], [36092000, 36131999], [36506000, 36555999], [36572000, 36597999], [37060000, 37203999], [37542000, 37557999], [38992000, 39027999], [39040000, 39085999], [39264000, 39285999], [39350000, 39397999], [39400000, 39403999], [39532000, 39693999], [39708000, 39715999], [39848000, 39901999], [39940000, 40137999], [40244000, 40275999], [40422000, 40449999], [41052000, 41089999], [41274000, 41329999], [41548000, 41571999], [41586000, 41599999], [41628000, 41675999], [41758000, 41783999], [41898000, 41919999], [42294000, 42359999], [42408000, 42431999], [43038000, 43051999], [43550000, 43641999], [43720000, 43741999], [43846000, 43859999], [43918000, 43939999], [44936000, 45097999], [45890000, 45917999], [46002000, 46007999], [46024000, 46037999], [46570000, 46599999], [46734000, 46769999], [47642000, 47665999]]
fr45	0	[[16752000, 16785999], [16956000, 16995999], [17826000, 17909999], [19120000, 19141999], [19248000, 19291999], [19362000, 19433999], [20414000, 20615999], [20888000, 20921999], [23974000, 23999999], [24086000, 24147999], [25812000, 25837999], [27260000, 27309999], [27376000, 27407999], [29080000, 29093999], [29856000, 29887999], [30270000, 30313999], [31052000, 31139999], [32096000, 32143999], [32190000, 32225999], [32806000, 32811999], [33308000, 33319999], [33608000, 33695999], [33712000, 33839999], [33894000, 33915999], [33964000, 34019999], [34042000, 34083999], [34270000, 34281999], [34738000, 34773999], [35600000, 35637999], [35684000, 35703999], [35738000, 35805999], [35832000, 35879999], [36094000, 36169999], [36186000, 36209999], [36528000, 36547999], [36718000, 36765999], [37060000, 37209999], [37542000, 37557999], [37946000, 37983999], [38058000, 38069999], [38338000, 38369999], [38650000, 38769999], [39282000, 39371999], [39488000, 39543999], [39576000, 39669999], [39842000, 40097999], [40150000, 40161999], [40244000, 40263999], [40346000, 40371999], [41036000, 41101999], [41160000, 41203999], [41228000, 41261999], [41276000, 41295999], [41310000, 41329999], [41468000, 41493999], [41548000, 41573999], [41628000, 41681999], [41896000, 41917999], [42204000, 42217999], [42290000, 42355999], [42404000, 42431999], [42506000, 42539999], [42780000, 42811999], [43038000, 43045999], [43274000, 43279999], [43374000, 43379999], [43500000, 43501999], [43550000, 43641999], [43690000, 43699999], [43854000, 43873999], [43890000, 43939999], [44030000, 44043999], [45002000, 45097999], [45588000, 45603999], [45622000, 45673999], [45760000, 45815999], [45996000, 46039999], [46572000, 46593999], [46784000, 46799999], [46846000, 46885999], [47538000, 47553999], [47642000, 47671999]]
fr45	1	[[16752000, 16785999], [16956000, 16995999], [17826000, 17909999], [19120000, 19141999], [19248000, 19291999], [19362000, 19433999], [20414000, 20615999], [20888000, 20921999], [23974000, 23999999], [24086000, 24147999], [25812000, 25837999], [27260000, 27309999], [27376000, 27407999], [29080000, 29093999], [29856000, 29887999], [30270000, 30313999], [31052000, 31139999], [32096000, 32143999], [32190000, 32225999], [32806000, 32811999], [33308000, 33319999], [33608000, 33695999], [33712000, 33839999], [33894000, 33915999], [33964000, 34019999], [34042000, 34083999], [34270000, 34281999], [34738000, 34773999], [35600000, 35637999], [35684000, 35703999], [35738000, 35805999], [35832000, 35879999], [36094000, 36169999], [36186000, 36209999], [36528000, 36547999], [36718000, 36765999], [37060000, 37209999], [37542000, 37557999], [37946000, 37983999], [38058000, 38069999], [38338000, 38369999], [38650000, 38769999], [39282000, 39371999], [39488000, 39543999], [39576000, 39669999], [39842000, 40097999], [40150000, 40161999], [40244000, 40263999], [40346000, 40371999], [41036000, 41101999], [41160000, 41203999], [41228000, 41261999], [41276000, 41295999], [41310000, 41329999], [41468000, 41493999], [41548000, 41573999], [41628000, 41681999], [41896000, 41917999], [42204000, 42217999], [42290000, 42355999], [42404000, 42431999], [42506000, 42539999], [42780000, 42811999], [43038000, 43045999], [43274000, 43279999], [43374000, 43379999], [43500000, 43501999], [43550000, 43641999], [43690000, 43699999], [43854000, 43873999], [43890000, 43939999], [44030000, 44043999], [45002000, 45097999], [45588000, 45603999], [45622000, 45673999], [45760000, 45815999], [45996000, 46039999], [46572000, 46593999], [46784000, 46799999], [46846000, 46885999], [47538000, 47553999], [47642000, 47671999]]
fr46	0	[[36098000, 36101999]]
fr46	1	[[36098000, 36101999]]
fr47	0	[[36098000, 36101999]]
fr47	1	[[36098000, 36101999]]
fr48	0	[[36094000, 36109999], [37060000, 37111999], [39988000, 39999999], [40008000, 40019999]]
fr48	1	[[36094000, 36109999], [37060000, 37111999], [39988000, 39999999], [40008000, 40019999]]
fr49	0	[[20520000, 20549999]]
fr49	1	[[20520000, 20549999]]
